nqubits: 1
qubits: [0]
resonator_type: 3D
topology:
- [1]
settings:
    repetition_duration: 100000
    sampling_rate: 9830400000
    adc_trig_offset: 200
    max_gain: 32000
native_gates:
    single_qubit:
        0:
            RX:
                duration: 30
                amplitude: 0.05202077615028646
                frequency: 5542358040
                shape: Rectangular()
                type: qd
                start: 0
                phase: 0
            MZ:
                duration: 600
                amplitude: 0.027
                frequency: 7371797810
                shape: Rectangular()
                type: ro
                start: 0
                phase: 0
    two_qubits: {}
characterization:
    single_qubit:
        0:
            readout_frequency: 7371797810
            drive_frequency: 5542358040
            pi_pulse_amplitude: 0.052
            T1: 5950.374891358031
            T2: 3117.141967028255
            threshold: -1.0614826586800015
            iq_angle: 0.378264523650832
