nqubits: 1
qubits: [0]
resonator_type: 3D
topology:
- [1]
settings:
    repetition_duration: 100000
    sampling_rate: 9830400000
    adc_trig_offset: 200
    max_gain: 32000
native_gates:
    single_qubit:
        0:
            RX:
                duration: 30
                amplitude: 0.05
                frequency: 5542418623
                shape: Rectangular()
                type: qd
                start: 0
                phase: 0
            MZ:
                duration: 600
                amplitude: 0.03
                frequency: 7371778855
                shape: Rectangular()
                type: ro
                start: 0
                phase: 0
    two_qubits: {}
characterization:
    single_qubit:
        0:
            readout_frequency: 5542418623
            drive_frequency: 5542418623
            T1: 0.0
            T2: 0.0
            mean_gnd_states: (2.4881945799457994+0.48354850948509487j)
            mean_exc_states: (0+0j)
            threshold: 1.3743930264448407
            iq_angle: 3.1279343481307826
            sweetspot: 0
